UNITS MM,10000;
EDIT proj;
ADD P39 :W0.000000  0.0000,0.0000 62.3862,0.0000 62.3862,2.4500 0.0000,2.4500;
  BEGIN_ASSOC
    ADD N39 :F1.000000 :R0 :T12345 'net=P1' 0.00, 0.00;
  END_ASSOC
ADD P39 :W0.000000  0.0000,-3.0000 2.4500,-3.0000 2.4500,0.0000 0.0000,0.0000;
  BEGIN_ASSOC
    ADD N39 :F1.000000 :R0 :T12345 'net=P1' 0.00, 0.00;
  END_ASSOC
ADD P5 :W0.000000  -3.7353,-10.4025 -3.7364,-10.3764 -3.7399,-10.3504 -3.7455,-10.3249 -3.7534,-10.2999 -3.7634,-10.2757 -3.7755,-10.2525 -3.7896,-10.2304 -3.8055,-10.2097 -3.8232,-10.1904 -3.8425,-10.1727 -3.8632,-10.1568 -3.8853,-10.1427 -3.9085,-10.1306 -3.9327,-10.1206 -3.9577,-10.1127 -3.9832,-10.1071 -4.0092,-10.1036 -4.0353,-10.1025 -4.0614,-10.1036 -4.0874,-10.1071 -4.1129,-10.1127 -4.1379,-10.1206 -4.1621,-10.1306 -4.1853,-10.1427 -4.2074,-10.1568 -4.2281,-10.1727 -4.2474,-10.1904 -4.2651,-10.2097 -4.2810,-10.2304 -4.2951,-10.2525 -4.3072,-10.2757 -4.3172,-10.2999 -4.3251,-10.3249 -4.3307,-10.3504 -4.3342,-10.3764 -4.3353,-10.4025 -4.3342,-10.4286 -4.3307,-10.4546 -4.3251,-10.4801 -4.3172,-10.5051 -4.3072,-10.5293 -4.2951,-10.5525 -4.2810,-10.5746 -4.2651,-10.5953 -4.2474,-10.6146 -4.2281,-10.6323 -4.2074,-10.6482 -4.1853,-10.6623 -4.1621,-10.6744 -4.1379,-10.6844 -4.1129,-10.6923 -4.0874,-10.6979 -4.0614,-10.7014 -4.0353,-10.7025 -4.0092,-10.7014 -3.9832,-10.6979 -3.9577,-10.6923 -3.9327,-10.6844 -3.9085,-10.6744 -3.8853,-10.6623 -3.8632,-10.6482 -3.8425,-10.6323 -3.8232,-10.6146 -3.8055,-10.5953 -3.7896,-10.5746 -3.7755,-10.5525 -3.7634,-10.5293 -3.7534,-10.5051 -3.7455,-10.4801 -3.7399,-10.4546 -3.7364,-10.4286 -3.7353,-10.4025;
  BEGIN_ASSOC
    ADD N5 :F1.000000 :R0 :T12345 'net=P2' 0.00, 0.00;
  END_ASSOC
ADD P5 :W0.000000  -3.4184,-73.2967 -3.4195,-73.2706 -3.4230,-73.2446 -3.4286,-73.2191 -3.4365,-73.1941 -3.4465,-73.1699 -3.4586,-73.1467 -3.4727,-73.1246 -3.4886,-73.1039 -3.5063,-73.0846 -3.5256,-73.0669 -3.5463,-73.0510 -3.5684,-73.0369 -3.5916,-73.0248 -3.6158,-73.0148 -3.6408,-73.0069 -3.6663,-73.0013 -3.6923,-72.9978 -3.7184,-72.9967 -3.7445,-72.9978 -3.7705,-73.0013 -3.7960,-73.0069 -3.8210,-73.0148 -3.8452,-73.0248 -3.8684,-73.0369 -3.8905,-73.0510 -3.9112,-73.0669 -3.9305,-73.0846 -3.9482,-73.1039 -3.9641,-73.1246 -3.9782,-73.1467 -3.9903,-73.1699 -4.0003,-73.1941 -4.0082,-73.2191 -4.0138,-73.2446 -4.0173,-73.2706 -4.0184,-73.2967 -4.0173,-73.3228 -4.0138,-73.3488 -4.0082,-73.3743 -4.0003,-73.3993 -3.9903,-73.4235 -3.9782,-73.4467 -3.9641,-73.4688 -3.9482,-73.4895 -3.9305,-73.5088 -3.9112,-73.5265 -3.8905,-73.5424 -3.8684,-73.5565 -3.8452,-73.5686 -3.8210,-73.5786 -3.7960,-73.5865 -3.7705,-73.5921 -3.7445,-73.5956 -3.7184,-73.5967 -3.6923,-73.5956 -3.6663,-73.5921 -3.6408,-73.5865 -3.6158,-73.5786 -3.5916,-73.5686 -3.5684,-73.5565 -3.5463,-73.5424 -3.5256,-73.5265 -3.5063,-73.5088 -3.4886,-73.4895 -3.4727,-73.4688 -3.4586,-73.4467 -3.4465,-73.4235 -3.4365,-73.3993 -3.4286,-73.3743 -3.4230,-73.3488 -3.4195,-73.3228 -3.4184,-73.2967;
  BEGIN_ASSOC
    ADD N5 :F1.000000 :R0 :T12345 'net=P2' 0.00, 0.00;
  END_ASSOC
ADD P5 :W0.000000  -3.3403,-66.2967 -3.3414,-66.2706 -3.3449,-66.2446 -3.3505,-66.2191 -3.3584,-66.1941 -3.3684,-66.1699 -3.3805,-66.1467 -3.3946,-66.1246 -3.4105,-66.1039 -3.4282,-66.0846 -3.4475,-66.0669 -3.4682,-66.0510 -3.4903,-66.0369 -3.5135,-66.0248 -3.5377,-66.0148 -3.5627,-66.0069 -3.5882,-66.0013 -3.6142,-65.9978 -3.6403,-65.9967 -3.6664,-65.9978 -3.6924,-66.0013 -3.7179,-66.0069 -3.7429,-66.0148 -3.7671,-66.0248 -3.7903,-66.0369 -3.8124,-66.0510 -3.8331,-66.0669 -3.8524,-66.0846 -3.8701,-66.1039 -3.8860,-66.1246 -3.9001,-66.1467 -3.9122,-66.1699 -3.9222,-66.1941 -3.9301,-66.2191 -3.9357,-66.2446 -3.9392,-66.2706 -3.9403,-66.2967 -3.9392,-66.3228 -3.9357,-66.3488 -3.9301,-66.3743 -3.9222,-66.3993 -3.9122,-66.4235 -3.9001,-66.4467 -3.8860,-66.4688 -3.8701,-66.4895 -3.8524,-66.5088 -3.8331,-66.5265 -3.8124,-66.5424 -3.7903,-66.5565 -3.7671,-66.5686 -3.7429,-66.5786 -3.7179,-66.5865 -3.6924,-66.5921 -3.6664,-66.5956 -3.6403,-66.5967 -3.6142,-66.5956 -3.5882,-66.5921 -3.5627,-66.5865 -3.5377,-66.5786 -3.5135,-66.5686 -3.4903,-66.5565 -3.4682,-66.5424 -3.4475,-66.5265 -3.4282,-66.5088 -3.4105,-66.4895 -3.3946,-66.4688 -3.3805,-66.4467 -3.3684,-66.4235 -3.3584,-66.3993 -3.3505,-66.3743 -3.3449,-66.3488 -3.3414,-66.3228 -3.3403,-66.2967;
  BEGIN_ASSOC
    ADD N5 :F1.000000 :R0 :T12345 'net=P2' 0.00, 0.00;
  END_ASSOC
ADD P5 :W0.000000  -3.4184,-59.2967 -3.4195,-59.2706 -3.4230,-59.2446 -3.4286,-59.2191 -3.4365,-59.1941 -3.4465,-59.1699 -3.4586,-59.1467 -3.4727,-59.1246 -3.4886,-59.1039 -3.5063,-59.0846 -3.5256,-59.0669 -3.5463,-59.0510 -3.5684,-59.0369 -3.5916,-59.0248 -3.6158,-59.0148 -3.6408,-59.0069 -3.6663,-59.0013 -3.6923,-58.9978 -3.7184,-58.9967 -3.7445,-58.9978 -3.7705,-59.0013 -3.7960,-59.0069 -3.8210,-59.0148 -3.8452,-59.0248 -3.8684,-59.0369 -3.8905,-59.0510 -3.9112,-59.0669 -3.9305,-59.0846 -3.9482,-59.1039 -3.9641,-59.1246 -3.9782,-59.1467 -3.9903,-59.1699 -4.0003,-59.1941 -4.0082,-59.2191 -4.0138,-59.2446 -4.0173,-59.2706 -4.0184,-59.2967 -4.0173,-59.3228 -4.0138,-59.3488 -4.0082,-59.3743 -4.0003,-59.3993 -3.9903,-59.4235 -3.9782,-59.4467 -3.9641,-59.4688 -3.9482,-59.4895 -3.9305,-59.5088 -3.9112,-59.5265 -3.8905,-59.5424 -3.8684,-59.5565 -3.8452,-59.5686 -3.8210,-59.5786 -3.7960,-59.5865 -3.7705,-59.5921 -3.7445,-59.5956 -3.7184,-59.5967 -3.6923,-59.5956 -3.6663,-59.5921 -3.6408,-59.5865 -3.6158,-59.5786 -3.5916,-59.5686 -3.5684,-59.5565 -3.5463,-59.5424 -3.5256,-59.5265 -3.5063,-59.5088 -3.4886,-59.4895 -3.4727,-59.4688 -3.4586,-59.4467 -3.4465,-59.4235 -3.4365,-59.3993 -3.4286,-59.3743 -3.4230,-59.3488 -3.4195,-59.3228 -3.4184,-59.2967;
  BEGIN_ASSOC
    ADD N5 :F1.000000 :R0 :T12345 'net=P2' 0.00, 0.00;
  END_ASSOC
ADD P5 :W0.000000  -3.4184,-52.2967 -3.4195,-52.2706 -3.4230,-52.2446 -3.4286,-52.2191 -3.4365,-52.1941 -3.4465,-52.1699 -3.4586,-52.1467 -3.4727,-52.1246 -3.4886,-52.1039 -3.5063,-52.0846 -3.5256,-52.0669 -3.5463,-52.0510 -3.5684,-52.0369 -3.5916,-52.0248 -3.6158,-52.0148 -3.6408,-52.0069 -3.6663,-52.0013 -3.6923,-51.9978 -3.7184,-51.9967 -3.7445,-51.9978 -3.7705,-52.0013 -3.7960,-52.0069 -3.8210,-52.0148 -3.8452,-52.0248 -3.8684,-52.0369 -3.8905,-52.0510 -3.9112,-52.0669 -3.9305,-52.0846 -3.9482,-52.1039 -3.9641,-52.1246 -3.9782,-52.1467 -3.9903,-52.1699 -4.0003,-52.1941 -4.0082,-52.2191 -4.0138,-52.2446 -4.0173,-52.2706 -4.0184,-52.2967 -4.0173,-52.3228 -4.0138,-52.3488 -4.0082,-52.3743 -4.0003,-52.3993 -3.9903,-52.4235 -3.9782,-52.4467 -3.9641,-52.4688 -3.9482,-52.4895 -3.9305,-52.5088 -3.9112,-52.5265 -3.8905,-52.5424 -3.8684,-52.5565 -3.8452,-52.5686 -3.8210,-52.5786 -3.7960,-52.5865 -3.7705,-52.5921 -3.7445,-52.5956 -3.7184,-52.5967 -3.6923,-52.5956 -3.6663,-52.5921 -3.6408,-52.5865 -3.6158,-52.5786 -3.5916,-52.5686 -3.5684,-52.5565 -3.5463,-52.5424 -3.5256,-52.5265 -3.5063,-52.5088 -3.4886,-52.4895 -3.4727,-52.4688 -3.4586,-52.4467 -3.4465,-52.4235 -3.4365,-52.3993 -3.4286,-52.3743 -3.4230,-52.3488 -3.4195,-52.3228 -3.4184,-52.2967;
  BEGIN_ASSOC
    ADD N5 :F1.000000 :R0 :T12345 'net=P2' 0.00, 0.00;
  END_ASSOC
ADD P5 :W0.000000  -3.4184,-45.2967 -3.4195,-45.2706 -3.4230,-45.2446 -3.4286,-45.2191 -3.4365,-45.1941 -3.4465,-45.1699 -3.4586,-45.1467 -3.4727,-45.1246 -3.4886,-45.1039 -3.5063,-45.0846 -3.5256,-45.0669 -3.5463,-45.0510 -3.5684,-45.0369 -3.5916,-45.0248 -3.6158,-45.0148 -3.6408,-45.0069 -3.6663,-45.0013 -3.6923,-44.9978 -3.7184,-44.9967 -3.7445,-44.9978 -3.7705,-45.0013 -3.7960,-45.0069 -3.8210,-45.0148 -3.8452,-45.0248 -3.8684,-45.0369 -3.8905,-45.0510 -3.9112,-45.0669 -3.9305,-45.0846 -3.9482,-45.1039 -3.9641,-45.1246 -3.9782,-45.1467 -3.9903,-45.1699 -4.0003,-45.1941 -4.0082,-45.2191 -4.0138,-45.2446 -4.0173,-45.2706 -4.0184,-45.2967 -4.0173,-45.3228 -4.0138,-45.3488 -4.0082,-45.3743 -4.0003,-45.3993 -3.9903,-45.4235 -3.9782,-45.4467 -3.9641,-45.4688 -3.9482,-45.4895 -3.9305,-45.5088 -3.9112,-45.5265 -3.8905,-45.5424 -3.8684,-45.5565 -3.8452,-45.5686 -3.8210,-45.5786 -3.7960,-45.5865 -3.7705,-45.5921 -3.7445,-45.5956 -3.7184,-45.5967 -3.6923,-45.5956 -3.6663,-45.5921 -3.6408,-45.5865 -3.6158,-45.5786 -3.5916,-45.5686 -3.5684,-45.5565 -3.5463,-45.5424 -3.5256,-45.5265 -3.5063,-45.5088 -3.4886,-45.4895 -3.4727,-45.4688 -3.4586,-45.4467 -3.4465,-45.4235 -3.4365,-45.3993 -3.4286,-45.3743 -3.4230,-45.3488 -3.4195,-45.3228 -3.4184,-45.2967;
  BEGIN_ASSOC
    ADD N5 :F1.000000 :R0 :T12345 'net=P2' 0.00, 0.00;
  END_ASSOC
ADD P5 :W0.000000  -3.4184,-38.2967 -3.4195,-38.2706 -3.4230,-38.2446 -3.4286,-38.2191 -3.4365,-38.1941 -3.4465,-38.1699 -3.4586,-38.1467 -3.4727,-38.1246 -3.4886,-38.1039 -3.5063,-38.0846 -3.5256,-38.0669 -3.5463,-38.0510 -3.5684,-38.0369 -3.5916,-38.0248 -3.6158,-38.0148 -3.6408,-38.0069 -3.6663,-38.0013 -3.6923,-37.9978 -3.7184,-37.9967 -3.7445,-37.9978 -3.7705,-38.0013 -3.7960,-38.0069 -3.8210,-38.0148 -3.8452,-38.0248 -3.8684,-38.0369 -3.8905,-38.0510 -3.9112,-38.0669 -3.9305,-38.0846 -3.9482,-38.1039 -3.9641,-38.1246 -3.9782,-38.1467 -3.9903,-38.1699 -4.0003,-38.1941 -4.0082,-38.2191 -4.0138,-38.2446 -4.0173,-38.2706 -4.0184,-38.2967 -4.0173,-38.3228 -4.0138,-38.3488 -4.0082,-38.3743 -4.0003,-38.3993 -3.9903,-38.4235 -3.9782,-38.4467 -3.9641,-38.4688 -3.9482,-38.4895 -3.9305,-38.5088 -3.9112,-38.5265 -3.8905,-38.5424 -3.8684,-38.5565 -3.8452,-38.5686 -3.8210,-38.5786 -3.7960,-38.5865 -3.7705,-38.5921 -3.7445,-38.5956 -3.7184,-38.5967 -3.6923,-38.5956 -3.6663,-38.5921 -3.6408,-38.5865 -3.6158,-38.5786 -3.5916,-38.5686 -3.5684,-38.5565 -3.5463,-38.5424 -3.5256,-38.5265 -3.5063,-38.5088 -3.4886,-38.4895 -3.4727,-38.4688 -3.4586,-38.4467 -3.4465,-38.4235 -3.4365,-38.3993 -3.4286,-38.3743 -3.4230,-38.3488 -3.4195,-38.3228 -3.4184,-38.2967;
  BEGIN_ASSOC
    ADD N5 :F1.000000 :R0 :T12345 'net=P2' 0.00, 0.00;
  END_ASSOC
ADD P5 :W0.000000  -3.3613,-31.2967 -3.3624,-31.2706 -3.3659,-31.2446 -3.3715,-31.2191 -3.3794,-31.1941 -3.3894,-31.1699 -3.4015,-31.1467 -3.4156,-31.1246 -3.4315,-31.1039 -3.4492,-31.0846 -3.4685,-31.0669 -3.4892,-31.0510 -3.5113,-31.0369 -3.5345,-31.0248 -3.5587,-31.0148 -3.5837,-31.0069 -3.6092,-31.0013 -3.6352,-30.9978 -3.6613,-30.9967 -3.6874,-30.9978 -3.7134,-31.0013 -3.7389,-31.0069 -3.7639,-31.0148 -3.7881,-31.0248 -3.8113,-31.0369 -3.8334,-31.0510 -3.8541,-31.0669 -3.8734,-31.0846 -3.8911,-31.1039 -3.9070,-31.1246 -3.9211,-31.1467 -3.9332,-31.1699 -3.9432,-31.1941 -3.9511,-31.2191 -3.9567,-31.2446 -3.9602,-31.2706 -3.9613,-31.2967 -3.9602,-31.3228 -3.9567,-31.3488 -3.9511,-31.3743 -3.9432,-31.3993 -3.9332,-31.4235 -3.9211,-31.4467 -3.9070,-31.4688 -3.8911,-31.4895 -3.8734,-31.5088 -3.8541,-31.5265 -3.8334,-31.5424 -3.8113,-31.5565 -3.7881,-31.5686 -3.7639,-31.5786 -3.7389,-31.5865 -3.7134,-31.5921 -3.6874,-31.5956 -3.6613,-31.5967 -3.6352,-31.5956 -3.6092,-31.5921 -3.5837,-31.5865 -3.5587,-31.5786 -3.5345,-31.5686 -3.5113,-31.5565 -3.4892,-31.5424 -3.4685,-31.5265 -3.4492,-31.5088 -3.4315,-31.4895 -3.4156,-31.4688 -3.4015,-31.4467 -3.3894,-31.4235 -3.3794,-31.3993 -3.3715,-31.3743 -3.3659,-31.3488 -3.3624,-31.3228 -3.3613,-31.2967;
  BEGIN_ASSOC
    ADD N5 :F1.000000 :R0 :T12345 'net=P2' 0.00, 0.00;
  END_ASSOC
ADD P5 :W0.000000  -3.4184,-24.2967 -3.4195,-24.2706 -3.4230,-24.2446 -3.4286,-24.2191 -3.4365,-24.1941 -3.4465,-24.1699 -3.4586,-24.1467 -3.4727,-24.1246 -3.4886,-24.1039 -3.5063,-24.0846 -3.5256,-24.0669 -3.5463,-24.0510 -3.5684,-24.0369 -3.5916,-24.0248 -3.6158,-24.0148 -3.6408,-24.0069 -3.6663,-24.0013 -3.6923,-23.9978 -3.7184,-23.9967 -3.7445,-23.9978 -3.7705,-24.0013 -3.7960,-24.0069 -3.8210,-24.0148 -3.8452,-24.0248 -3.8684,-24.0369 -3.8905,-24.0510 -3.9112,-24.0669 -3.9305,-24.0846 -3.9482,-24.1039 -3.9641,-24.1246 -3.9782,-24.1467 -3.9903,-24.1699 -4.0003,-24.1941 -4.0082,-24.2191 -4.0138,-24.2446 -4.0173,-24.2706 -4.0184,-24.2967 -4.0173,-24.3228 -4.0138,-24.3488 -4.0082,-24.3743 -4.0003,-24.3993 -3.9903,-24.4235 -3.9782,-24.4467 -3.9641,-24.4688 -3.9482,-24.4895 -3.9305,-24.5088 -3.9112,-24.5265 -3.8905,-24.5424 -3.8684,-24.5565 -3.8452,-24.5686 -3.8210,-24.5786 -3.7960,-24.5865 -3.7705,-24.5921 -3.7445,-24.5956 -3.7184,-24.5967 -3.6923,-24.5956 -3.6663,-24.5921 -3.6408,-24.5865 -3.6158,-24.5786 -3.5916,-24.5686 -3.5684,-24.5565 -3.5463,-24.5424 -3.5256,-24.5265 -3.5063,-24.5088 -3.4886,-24.4895 -3.4727,-24.4688 -3.4586,-24.4467 -3.4465,-24.4235 -3.4365,-24.3993 -3.4286,-24.3743 -3.4230,-24.3488 -3.4195,-24.3228 -3.4184,-24.2967;
  BEGIN_ASSOC
    ADD N5 :F1.000000 :R0 :T12345 'net=P2' 0.00, 0.00;
  END_ASSOC
ADD P5 :W0.000000  -3.4184,-17.2967 -3.4195,-17.2706 -3.4230,-17.2446 -3.4286,-17.2191 -3.4365,-17.1941 -3.4465,-17.1699 -3.4586,-17.1467 -3.4727,-17.1246 -3.4886,-17.1039 -3.5063,-17.0846 -3.5256,-17.0669 -3.5463,-17.0510 -3.5684,-17.0369 -3.5916,-17.0248 -3.6158,-17.0148 -3.6408,-17.0069 -3.6663,-17.0013 -3.6923,-16.9978 -3.7184,-16.9967 -3.7445,-16.9978 -3.7705,-17.0013 -3.7960,-17.0069 -3.8210,-17.0148 -3.8452,-17.0248 -3.8684,-17.0369 -3.8905,-17.0510 -3.9112,-17.0669 -3.9305,-17.0846 -3.9482,-17.1039 -3.9641,-17.1246 -3.9782,-17.1467 -3.9903,-17.1699 -4.0003,-17.1941 -4.0082,-17.2191 -4.0138,-17.2446 -4.0173,-17.2706 -4.0184,-17.2967 -4.0173,-17.3228 -4.0138,-17.3488 -4.0082,-17.3743 -4.0003,-17.3993 -3.9903,-17.4235 -3.9782,-17.4467 -3.9641,-17.4688 -3.9482,-17.4895 -3.9305,-17.5088 -3.9112,-17.5265 -3.8905,-17.5424 -3.8684,-17.5565 -3.8452,-17.5686 -3.8210,-17.5786 -3.7960,-17.5865 -3.7705,-17.5921 -3.7445,-17.5956 -3.7184,-17.5967 -3.6923,-17.5956 -3.6663,-17.5921 -3.6408,-17.5865 -3.6158,-17.5786 -3.5916,-17.5686 -3.5684,-17.5565 -3.5463,-17.5424 -3.5256,-17.5265 -3.5063,-17.5088 -3.4886,-17.4895 -3.4727,-17.4688 -3.4586,-17.4467 -3.4465,-17.4235 -3.4365,-17.3993 -3.4286,-17.3743 -3.4230,-17.3488 -3.4195,-17.3228 -3.4184,-17.2967;
  BEGIN_ASSOC
    ADD N5 :F1.000000 :R0 :T12345 'net=P2' 0.00, 0.00;
  END_ASSOC
ADD P5 :W0.000000  1.0713,-73.1456 1.0702,-73.1195 1.0667,-73.0935 1.0611,-73.0680 1.0532,-73.0430 1.0432,-73.0188 1.0311,-72.9956 1.0170,-72.9735 1.0011,-72.9528 0.9834,-72.9335 0.9641,-72.9158 0.9434,-72.8999 0.9213,-72.8858 0.8981,-72.8737 0.8739,-72.8637 0.8489,-72.8558 0.8234,-72.8502 0.7974,-72.8467 0.7713,-72.8456 0.7452,-72.8467 0.7192,-72.8502 0.6937,-72.8558 0.6687,-72.8637 0.6445,-72.8737 0.6213,-72.8858 0.5992,-72.8999 0.5785,-72.9158 0.5592,-72.9335 0.5415,-72.9528 0.5256,-72.9735 0.5115,-72.9956 0.4994,-73.0188 0.4894,-73.0430 0.4815,-73.0680 0.4759,-73.0935 0.4724,-73.1195 0.4713,-73.1456 0.4724,-73.1717 0.4759,-73.1977 0.4815,-73.2232 0.4894,-73.2482 0.4994,-73.2724 0.5115,-73.2956 0.5256,-73.3177 0.5415,-73.3384 0.5592,-73.3577 0.5785,-73.3754 0.5992,-73.3913 0.6213,-73.4054 0.6445,-73.4175 0.6687,-73.4275 0.6937,-73.4354 0.7192,-73.4410 0.7452,-73.4445 0.7713,-73.4456 0.7974,-73.4445 0.8234,-73.4410 0.8489,-73.4354 0.8739,-73.4275 0.8981,-73.4175 0.9213,-73.4054 0.9434,-73.3913 0.9641,-73.3754 0.9834,-73.3577 1.0011,-73.3384 1.0170,-73.3177 1.0311,-73.2956 1.0432,-73.2724 1.0532,-73.2482 1.0611,-73.2232 1.0667,-73.1977 1.0702,-73.1717 1.0713,-73.1456;
  BEGIN_ASSOC
    ADD N5 :F1.000000 :R0 :T12345 'net=P2' 0.00, 0.00;
  END_ASSOC
ADD P5 :W0.000000  8.0713,-73.1456 8.0702,-73.1195 8.0667,-73.0935 8.0611,-73.0680 8.0532,-73.0430 8.0432,-73.0188 8.0311,-72.9956 8.0170,-72.9735 8.0011,-72.9528 7.9834,-72.9335 7.9641,-72.9158 7.9434,-72.8999 7.9213,-72.8858 7.8981,-72.8737 7.8739,-72.8637 7.8489,-72.8558 7.8234,-72.8502 7.7974,-72.8467 7.7713,-72.8456 7.7452,-72.8467 7.7192,-72.8502 7.6937,-72.8558 7.6687,-72.8637 7.6445,-72.8737 7.6213,-72.8858 7.5992,-72.8999 7.5785,-72.9158 7.5592,-72.9335 7.5415,-72.9528 7.5256,-72.9735 7.5115,-72.9956 7.4994,-73.0188 7.4894,-73.0430 7.4815,-73.0680 7.4759,-73.0935 7.4724,-73.1195 7.4713,-73.1456 7.4724,-73.1717 7.4759,-73.1977 7.4815,-73.2232 7.4894,-73.2482 7.4994,-73.2724 7.5115,-73.2956 7.5256,-73.3177 7.5415,-73.3384 7.5592,-73.3577 7.5785,-73.3754 7.5992,-73.3913 7.6213,-73.4054 7.6445,-73.4175 7.6687,-73.4275 7.6937,-73.4354 7.7192,-73.4410 7.7452,-73.4445 7.7713,-73.4456 7.7974,-73.4445 7.8234,-73.4410 7.8489,-73.4354 7.8739,-73.4275 7.8981,-73.4175 7.9213,-73.4054 7.9434,-73.3913 7.9641,-73.3754 7.9834,-73.3577 8.0011,-73.3384 8.0170,-73.3177 8.0311,-73.2956 8.0432,-73.2724 8.0532,-73.2482 8.0611,-73.2232 8.0667,-73.1977 8.0702,-73.1717 8.0713,-73.1456;
  BEGIN_ASSOC
    ADD N5 :F1.000000 :R0 :T12345 'net=P2' 0.00, 0.00;
  END_ASSOC
ADD P5 :W0.000000  15.0713,-73.0885 15.0702,-73.0624 15.0667,-73.0364 15.0611,-73.0109 15.0532,-72.9859 15.0432,-72.9617 15.0311,-72.9385 15.0170,-72.9164 15.0011,-72.8957 14.9834,-72.8764 14.9641,-72.8587 14.9434,-72.8428 14.9213,-72.8287 14.8981,-72.8166 14.8739,-72.8066 14.8489,-72.7987 14.8234,-72.7931 14.7974,-72.7896 14.7713,-72.7885 14.7452,-72.7896 14.7192,-72.7931 14.6937,-72.7987 14.6687,-72.8066 14.6445,-72.8166 14.6213,-72.8287 14.5992,-72.8428 14.5785,-72.8587 14.5592,-72.8764 14.5415,-72.8957 14.5256,-72.9164 14.5115,-72.9385 14.4994,-72.9617 14.4894,-72.9859 14.4815,-73.0109 14.4759,-73.0364 14.4724,-73.0624 14.4713,-73.0885 14.4724,-73.1146 14.4759,-73.1406 14.4815,-73.1661 14.4894,-73.1911 14.4994,-73.2153 14.5115,-73.2385 14.5256,-73.2606 14.5415,-73.2813 14.5592,-73.3006 14.5785,-73.3183 14.5992,-73.3342 14.6213,-73.3483 14.6445,-73.3604 14.6687,-73.3704 14.6937,-73.3783 14.7192,-73.3839 14.7452,-73.3874 14.7713,-73.3885 14.7974,-73.3874 14.8234,-73.3839 14.8489,-73.3783 14.8739,-73.3704 14.8981,-73.3604 14.9213,-73.3483 14.9434,-73.3342 14.9641,-73.3183 14.9834,-73.3006 15.0011,-73.2813 15.0170,-73.2606 15.0311,-73.2385 15.0432,-73.2153 15.0532,-73.1911 15.0611,-73.1661 15.0667,-73.1406 15.0702,-73.1146 15.0713,-73.0885;
  BEGIN_ASSOC
    ADD N5 :F1.000000 :R0 :T12345 'net=P2' 0.00, 0.00;
  END_ASSOC
ADD P5 :W0.000000  22.0713,-73.1456 22.0702,-73.1195 22.0667,-73.0935 22.0611,-73.0680 22.0532,-73.0430 22.0432,-73.0188 22.0311,-72.9956 22.0170,-72.9735 22.0011,-72.9528 21.9834,-72.9335 21.9641,-72.9158 21.9434,-72.8999 21.9213,-72.8858 21.8981,-72.8737 21.8739,-72.8637 21.8489,-72.8558 21.8234,-72.8502 21.7974,-72.8467 21.7713,-72.8456 21.7452,-72.8467 21.7192,-72.8502 21.6937,-72.8558 21.6687,-72.8637 21.6445,-72.8737 21.6213,-72.8858 21.5992,-72.8999 21.5785,-72.9158 21.5592,-72.9335 21.5415,-72.9528 21.5256,-72.9735 21.5115,-72.9956 21.4994,-73.0188 21.4894,-73.0430 21.4815,-73.0680 21.4759,-73.0935 21.4724,-73.1195 21.4713,-73.1456 21.4724,-73.1717 21.4759,-73.1977 21.4815,-73.2232 21.4894,-73.2482 21.4994,-73.2724 21.5115,-73.2956 21.5256,-73.3177 21.5415,-73.3384 21.5592,-73.3577 21.5785,-73.3754 21.5992,-73.3913 21.6213,-73.4054 21.6445,-73.4175 21.6687,-73.4275 21.6937,-73.4354 21.7192,-73.4410 21.7452,-73.4445 21.7713,-73.4456 21.7974,-73.4445 21.8234,-73.4410 21.8489,-73.4354 21.8739,-73.4275 21.8981,-73.4175 21.9213,-73.4054 21.9434,-73.3913 21.9641,-73.3754 21.9834,-73.3577 22.0011,-73.3384 22.0170,-73.3177 22.0311,-73.2956 22.0432,-73.2724 22.0532,-73.2482 22.0611,-73.2232 22.0667,-73.1977 22.0702,-73.1717 22.0713,-73.1456;
  BEGIN_ASSOC
    ADD N5 :F1.000000 :R0 :T12345 'net=P2' 0.00, 0.00;
  END_ASSOC
ADD P5 :W0.000000  29.0713,-73.1456 29.0702,-73.1195 29.0667,-73.0935 29.0611,-73.0680 29.0532,-73.0430 29.0432,-73.0188 29.0311,-72.9956 29.0170,-72.9735 29.0011,-72.9528 28.9834,-72.9335 28.9641,-72.9158 28.9434,-72.8999 28.9213,-72.8858 28.8981,-72.8737 28.8739,-72.8637 28.8489,-72.8558 28.8234,-72.8502 28.7974,-72.8467 28.7713,-72.8456 28.7452,-72.8467 28.7192,-72.8502 28.6937,-72.8558 28.6687,-72.8637 28.6445,-72.8737 28.6213,-72.8858 28.5992,-72.8999 28.5785,-72.9158 28.5592,-72.9335 28.5415,-72.9528 28.5256,-72.9735 28.5115,-72.9956 28.4994,-73.0188 28.4894,-73.0430 28.4815,-73.0680 28.4759,-73.0935 28.4724,-73.1195 28.4713,-73.1456 28.4724,-73.1717 28.4759,-73.1977 28.4815,-73.2232 28.4894,-73.2482 28.4994,-73.2724 28.5115,-73.2956 28.5256,-73.3177 28.5415,-73.3384 28.5592,-73.3577 28.5785,-73.3754 28.5992,-73.3913 28.6213,-73.4054 28.6445,-73.4175 28.6687,-73.4275 28.6937,-73.4354 28.7192,-73.4410 28.7452,-73.4445 28.7713,-73.4456 28.7974,-73.4445 28.8234,-73.4410 28.8489,-73.4354 28.8739,-73.4275 28.8981,-73.4175 28.9213,-73.4054 28.9434,-73.3913 28.9641,-73.3754 28.9834,-73.3577 29.0011,-73.3384 29.0170,-73.3177 29.0311,-73.2956 29.0432,-73.2724 29.0532,-73.2482 29.0611,-73.2232 29.0667,-73.1977 29.0702,-73.1717 29.0713,-73.1456;
  BEGIN_ASSOC
    ADD N5 :F1.000000 :R0 :T12345 'net=P2' 0.00, 0.00;
  END_ASSOC
ADD P5 :W0.000000  36.0713,-73.1456 36.0702,-73.1195 36.0667,-73.0935 36.0611,-73.0680 36.0532,-73.0430 36.0432,-73.0188 36.0311,-72.9956 36.0170,-72.9735 36.0011,-72.9528 35.9834,-72.9335 35.9641,-72.9158 35.9434,-72.8999 35.9213,-72.8858 35.8981,-72.8737 35.8739,-72.8637 35.8489,-72.8558 35.8234,-72.8502 35.7974,-72.8467 35.7713,-72.8456 35.7452,-72.8467 35.7192,-72.8502 35.6937,-72.8558 35.6687,-72.8637 35.6445,-72.8737 35.6213,-72.8858 35.5992,-72.8999 35.5785,-72.9158 35.5592,-72.9335 35.5415,-72.9528 35.5256,-72.9735 35.5115,-72.9956 35.4994,-73.0188 35.4894,-73.0430 35.4815,-73.0680 35.4759,-73.0935 35.4724,-73.1195 35.4713,-73.1456 35.4724,-73.1717 35.4759,-73.1977 35.4815,-73.2232 35.4894,-73.2482 35.4994,-73.2724 35.5115,-73.2956 35.5256,-73.3177 35.5415,-73.3384 35.5592,-73.3577 35.5785,-73.3754 35.5992,-73.3913 35.6213,-73.4054 35.6445,-73.4175 35.6687,-73.4275 35.6937,-73.4354 35.7192,-73.4410 35.7452,-73.4445 35.7713,-73.4456 35.7974,-73.4445 35.8234,-73.4410 35.8489,-73.4354 35.8739,-73.4275 35.8981,-73.4175 35.9213,-73.4054 35.9434,-73.3913 35.9641,-73.3754 35.9834,-73.3577 36.0011,-73.3384 36.0170,-73.3177 36.0311,-73.2956 36.0432,-73.2724 36.0532,-73.2482 36.0611,-73.2232 36.0667,-73.1977 36.0702,-73.1717 36.0713,-73.1456;
  BEGIN_ASSOC
    ADD N5 :F1.000000 :R0 :T12345 'net=P2' 0.00, 0.00;
  END_ASSOC
ADD P5 :W0.000000  43.0713,-73.1456 43.0702,-73.1195 43.0667,-73.0935 43.0611,-73.0680 43.0532,-73.0430 43.0432,-73.0188 43.0311,-72.9956 43.0170,-72.9735 43.0011,-72.9528 42.9834,-72.9335 42.9641,-72.9158 42.9434,-72.8999 42.9213,-72.8858 42.8981,-72.8737 42.8739,-72.8637 42.8489,-72.8558 42.8234,-72.8502 42.7974,-72.8467 42.7713,-72.8456 42.7452,-72.8467 42.7192,-72.8502 42.6937,-72.8558 42.6687,-72.8637 42.6445,-72.8737 42.6213,-72.8858 42.5992,-72.8999 42.5785,-72.9158 42.5592,-72.9335 42.5415,-72.9528 42.5256,-72.9735 42.5115,-72.9956 42.4994,-73.0188 42.4894,-73.0430 42.4815,-73.0680 42.4759,-73.0935 42.4724,-73.1195 42.4713,-73.1456 42.4724,-73.1717 42.4759,-73.1977 42.4815,-73.2232 42.4894,-73.2482 42.4994,-73.2724 42.5115,-73.2956 42.5256,-73.3177 42.5415,-73.3384 42.5592,-73.3577 42.5785,-73.3754 42.5992,-73.3913 42.6213,-73.4054 42.6445,-73.4175 42.6687,-73.4275 42.6937,-73.4354 42.7192,-73.4410 42.7452,-73.4445 42.7713,-73.4456 42.7974,-73.4445 42.8234,-73.4410 42.8489,-73.4354 42.8739,-73.4275 42.8981,-73.4175 42.9213,-73.4054 42.9434,-73.3913 42.9641,-73.3754 42.9834,-73.3577 43.0011,-73.3384 43.0170,-73.3177 43.0311,-73.2956 43.0432,-73.2724 43.0532,-73.2482 43.0611,-73.2232 43.0667,-73.1977 43.0702,-73.1717 43.0713,-73.1456;
  BEGIN_ASSOC
    ADD N5 :F1.000000 :R0 :T12345 'net=P2' 0.00, 0.00;
  END_ASSOC
ADD P5 :W0.000000  50.0713,-73.0675 50.0702,-73.0414 50.0667,-73.0154 50.0611,-72.9899 50.0532,-72.9649 50.0432,-72.9407 50.0311,-72.9175 50.0170,-72.8954 50.0011,-72.8747 49.9834,-72.8554 49.9641,-72.8377 49.9434,-72.8218 49.9213,-72.8077 49.8981,-72.7956 49.8739,-72.7856 49.8489,-72.7777 49.8234,-72.7721 49.7974,-72.7686 49.7713,-72.7675 49.7452,-72.7686 49.7192,-72.7721 49.6937,-72.7777 49.6687,-72.7856 49.6445,-72.7956 49.6213,-72.8077 49.5992,-72.8218 49.5785,-72.8377 49.5592,-72.8554 49.5415,-72.8747 49.5256,-72.8954 49.5115,-72.9175 49.4994,-72.9407 49.4894,-72.9649 49.4815,-72.9899 49.4759,-73.0154 49.4724,-73.0414 49.4713,-73.0675 49.4724,-73.0936 49.4759,-73.1196 49.4815,-73.1451 49.4894,-73.1701 49.4994,-73.1943 49.5115,-73.2175 49.5256,-73.2396 49.5415,-73.2603 49.5592,-73.2796 49.5785,-73.2973 49.5992,-73.3132 49.6213,-73.3273 49.6445,-73.3394 49.6687,-73.3494 49.6937,-73.3573 49.7192,-73.3629 49.7452,-73.3664 49.7713,-73.3675 49.7974,-73.3664 49.8234,-73.3629 49.8489,-73.3573 49.8739,-73.3494 49.8981,-73.3394 49.9213,-73.3273 49.9434,-73.3132 49.9641,-73.2973 49.9834,-73.2796 50.0011,-73.2603 50.0170,-73.2396 50.0311,-73.2175 50.0432,-73.1943 50.0532,-73.1701 50.0611,-73.1451 50.0667,-73.1196 50.0702,-73.0936 50.0713,-73.0675;
  BEGIN_ASSOC
    ADD N5 :F1.000000 :R0 :T12345 'net=P2' 0.00, 0.00;
  END_ASSOC
ADD P5 :W0.000000  57.0713,-73.1456 57.0702,-73.1195 57.0667,-73.0935 57.0611,-73.0680 57.0532,-73.0430 57.0432,-73.0188 57.0311,-72.9956 57.0170,-72.9735 57.0011,-72.9528 56.9834,-72.9335 56.9641,-72.9158 56.9434,-72.8999 56.9213,-72.8858 56.8981,-72.8737 56.8739,-72.8637 56.8489,-72.8558 56.8234,-72.8502 56.7974,-72.8467 56.7713,-72.8456 56.7452,-72.8467 56.7192,-72.8502 56.6937,-72.8558 56.6687,-72.8637 56.6445,-72.8737 56.6213,-72.8858 56.5992,-72.8999 56.5785,-72.9158 56.5592,-72.9335 56.5415,-72.9528 56.5256,-72.9735 56.5115,-72.9956 56.4994,-73.0188 56.4894,-73.0430 56.4815,-73.0680 56.4759,-73.0935 56.4724,-73.1195 56.4713,-73.1456 56.4724,-73.1717 56.4759,-73.1977 56.4815,-73.2232 56.4894,-73.2482 56.4994,-73.2724 56.5115,-73.2956 56.5256,-73.3177 56.5415,-73.3384 56.5592,-73.3577 56.5785,-73.3754 56.5992,-73.3913 56.6213,-73.4054 56.6445,-73.4175 56.6687,-73.4275 56.6937,-73.4354 56.7192,-73.4410 56.7452,-73.4445 56.7713,-73.4456 56.7974,-73.4445 56.8234,-73.4410 56.8489,-73.4354 56.8739,-73.4275 56.8981,-73.4175 56.9213,-73.4054 56.9434,-73.3913 56.9641,-73.3754 56.9834,-73.3577 57.0011,-73.3384 57.0170,-73.3177 57.0311,-73.2956 57.0432,-73.2724 57.0532,-73.2482 57.0611,-73.2232 57.0667,-73.1977 57.0702,-73.1717 57.0713,-73.1456;
  BEGIN_ASSOC
    ADD N5 :F1.000000 :R0 :T12345 'net=P2' 0.00, 0.00;
  END_ASSOC
ADD P5 :W0.000000  64.3000,-73.0000 64.2989,-72.9739 64.2954,-72.9479 64.2898,-72.9224 64.2819,-72.8974 64.2719,-72.8732 64.2598,-72.8500 64.2457,-72.8279 64.2298,-72.8072 64.2121,-72.7879 64.1928,-72.7702 64.1721,-72.7543 64.1500,-72.7402 64.1268,-72.7281 64.1026,-72.7181 64.0776,-72.7102 64.0521,-72.7046 64.0261,-72.7011 64.0000,-72.7000 63.9739,-72.7011 63.9479,-72.7046 63.9224,-72.7102 63.8974,-72.7181 63.8732,-72.7281 63.8500,-72.7402 63.8279,-72.7543 63.8072,-72.7702 63.7879,-72.7879 63.7702,-72.8072 63.7543,-72.8279 63.7402,-72.8500 63.7281,-72.8732 63.7181,-72.8974 63.7102,-72.9224 63.7046,-72.9479 63.7011,-72.9739 63.7000,-73.0000 63.7011,-73.0261 63.7046,-73.0521 63.7102,-73.0776 63.7181,-73.1026 63.7281,-73.1268 63.7402,-73.1500 63.7543,-73.1721 63.7702,-73.1928 63.7879,-73.2121 63.8072,-73.2298 63.8279,-73.2457 63.8500,-73.2598 63.8732,-73.2719 63.8974,-73.2819 63.9224,-73.2898 63.9479,-73.2954 63.9739,-73.2989 64.0000,-73.3000 64.0261,-73.2989 64.0521,-73.2954 64.0776,-73.2898 64.1026,-73.2819 64.1268,-73.2719 64.1500,-73.2598 64.1721,-73.2457 64.1928,-73.2298 64.2121,-73.2121 64.2298,-73.1928 64.2457,-73.1721 64.2598,-73.1500 64.2719,-73.1268 64.2819,-73.1026 64.2898,-73.0776 64.2954,-73.0521 64.2989,-73.0261 64.3000,-73.0000;
  BEGIN_ASSOC
    ADD N5 :F1.000000 :R0 :T12345 'net=P2' 0.00, 0.00;
  END_ASSOC
ADD P5 :W0.000000  64.3000,-68.0000 64.2989,-67.9739 64.2954,-67.9479 64.2898,-67.9224 64.2819,-67.8974 64.2719,-67.8732 64.2598,-67.8500 64.2457,-67.8279 64.2298,-67.8072 64.2121,-67.7879 64.1928,-67.7702 64.1721,-67.7543 64.1500,-67.7402 64.1268,-67.7281 64.1026,-67.7181 64.0776,-67.7102 64.0521,-67.7046 64.0261,-67.7011 64.0000,-67.7000 63.9739,-67.7011 63.9479,-67.7046 63.9224,-67.7102 63.8974,-67.7181 63.8732,-67.7281 63.8500,-67.7402 63.8279,-67.7543 63.8072,-67.7702 63.7879,-67.7879 63.7702,-67.8072 63.7543,-67.8279 63.7402,-67.8500 63.7281,-67.8732 63.7181,-67.8974 63.7102,-67.9224 63.7046,-67.9479 63.7011,-67.9739 63.7000,-68.0000 63.7011,-68.0261 63.7046,-68.0521 63.7102,-68.0776 63.7181,-68.1026 63.7281,-68.1268 63.7402,-68.1500 63.7543,-68.1721 63.7702,-68.1928 63.7879,-68.2121 63.8072,-68.2298 63.8279,-68.2457 63.8500,-68.2598 63.8732,-68.2719 63.8974,-68.2819 63.9224,-68.2898 63.9479,-68.2954 63.9739,-68.2989 64.0000,-68.3000 64.0261,-68.2989 64.0521,-68.2954 64.0776,-68.2898 64.1026,-68.2819 64.1268,-68.2719 64.1500,-68.2598 64.1721,-68.2457 64.1928,-68.2298 64.2121,-68.2121 64.2298,-68.1928 64.2457,-68.1721 64.2598,-68.1500 64.2719,-68.1268 64.2819,-68.1026 64.2898,-68.0776 64.2954,-68.0521 64.2989,-68.0261 64.3000,-68.0000;
  BEGIN_ASSOC
    ADD N5 :F1.000000 :R0 :T12345 'net=P2' 0.00, 0.00;
  END_ASSOC
ADD P5 :W0.000000  64.3722,-5.0145 64.3711,-4.9884 64.3676,-4.9624 64.3620,-4.9369 64.3541,-4.9119 64.3441,-4.8877 64.3320,-4.8645 64.3179,-4.8424 64.3020,-4.8217 64.2843,-4.8024 64.2650,-4.7847 64.2443,-4.7688 64.2222,-4.7547 64.1990,-4.7426 64.1748,-4.7326 64.1498,-4.7247 64.1243,-4.7191 64.0983,-4.7156 64.0722,-4.7145 64.0461,-4.7156 64.0201,-4.7191 63.9946,-4.7247 63.9696,-4.7326 63.9454,-4.7426 63.9222,-4.7547 63.9001,-4.7688 63.8794,-4.7847 63.8601,-4.8024 63.8424,-4.8217 63.8265,-4.8424 63.8124,-4.8645 63.8003,-4.8877 63.7903,-4.9119 63.7824,-4.9369 63.7768,-4.9624 63.7733,-4.9884 63.7722,-5.0145 63.7733,-5.0406 63.7768,-5.0666 63.7824,-5.0921 63.7903,-5.1171 63.8003,-5.1413 63.8124,-5.1645 63.8265,-5.1866 63.8424,-5.2073 63.8601,-5.2266 63.8794,-5.2443 63.9001,-5.2602 63.9222,-5.2743 63.9454,-5.2864 63.9696,-5.2964 63.9946,-5.3043 64.0201,-5.3099 64.0461,-5.3134 64.0722,-5.3145 64.0983,-5.3134 64.1243,-5.3099 64.1498,-5.3043 64.1748,-5.2964 64.1990,-5.2864 64.2222,-5.2743 64.2443,-5.2602 64.2650,-5.2443 64.2843,-5.2266 64.3020,-5.2073 64.3179,-5.1866 64.3320,-5.1645 64.3441,-5.1413 64.3541,-5.1171 64.3620,-5.0921 64.3676,-5.0666 64.3711,-5.0406 64.3722,-5.0145;
  BEGIN_ASSOC
    ADD N5 :F1.000000 :R0 :T12345 'net=P2' 0.00, 0.00;
  END_ASSOC
ADD P5 :W0.000000  64.3722,-12.0145 64.3711,-11.9884 64.3676,-11.9624 64.3620,-11.9369 64.3541,-11.9119 64.3441,-11.8877 64.3320,-11.8645 64.3179,-11.8424 64.3020,-11.8217 64.2843,-11.8024 64.2650,-11.7847 64.2443,-11.7688 64.2222,-11.7547 64.1990,-11.7426 64.1748,-11.7326 64.1498,-11.7247 64.1243,-11.7191 64.0983,-11.7156 64.0722,-11.7145 64.0461,-11.7156 64.0201,-11.7191 63.9946,-11.7247 63.9696,-11.7326 63.9454,-11.7426 63.9222,-11.7547 63.9001,-11.7688 63.8794,-11.7847 63.8601,-11.8024 63.8424,-11.8217 63.8265,-11.8424 63.8124,-11.8645 63.8003,-11.8877 63.7903,-11.9119 63.7824,-11.9369 63.7768,-11.9624 63.7733,-11.9884 63.7722,-12.0145 63.7733,-12.0406 63.7768,-12.0666 63.7824,-12.0921 63.7903,-12.1171 63.8003,-12.1413 63.8124,-12.1645 63.8265,-12.1866 63.8424,-12.2073 63.8601,-12.2266 63.8794,-12.2443 63.9001,-12.2602 63.9222,-12.2743 63.9454,-12.2864 63.9696,-12.2964 63.9946,-12.3043 64.0201,-12.3099 64.0461,-12.3134 64.0722,-12.3145 64.0983,-12.3134 64.1243,-12.3099 64.1498,-12.3043 64.1748,-12.2964 64.1990,-12.2864 64.2222,-12.2743 64.2443,-12.2602 64.2650,-12.2443 64.2843,-12.2266 64.3020,-12.2073 64.3179,-12.1866 64.3320,-12.1645 64.3441,-12.1413 64.3541,-12.1171 64.3620,-12.0921 64.3676,-12.0666 64.3711,-12.0406 64.3722,-12.0145;
  BEGIN_ASSOC
    ADD N5 :F1.000000 :R0 :T12345 'net=P2' 0.00, 0.00;
  END_ASSOC
ADD P5 :W0.000000  64.4293,-19.0145 64.4282,-18.9884 64.4247,-18.9624 64.4191,-18.9369 64.4112,-18.9119 64.4012,-18.8877 64.3891,-18.8645 64.3750,-18.8424 64.3591,-18.8217 64.3414,-18.8024 64.3221,-18.7847 64.3014,-18.7688 64.2793,-18.7547 64.2561,-18.7426 64.2319,-18.7326 64.2069,-18.7247 64.1814,-18.7191 64.1554,-18.7156 64.1293,-18.7145 64.1032,-18.7156 64.0772,-18.7191 64.0517,-18.7247 64.0267,-18.7326 64.0025,-18.7426 63.9793,-18.7547 63.9572,-18.7688 63.9365,-18.7847 63.9172,-18.8024 63.8995,-18.8217 63.8836,-18.8424 63.8695,-18.8645 63.8574,-18.8877 63.8474,-18.9119 63.8395,-18.9369 63.8339,-18.9624 63.8304,-18.9884 63.8293,-19.0145 63.8304,-19.0406 63.8339,-19.0666 63.8395,-19.0921 63.8474,-19.1171 63.8574,-19.1413 63.8695,-19.1645 63.8836,-19.1866 63.8995,-19.2073 63.9172,-19.2266 63.9365,-19.2443 63.9572,-19.2602 63.9793,-19.2743 64.0025,-19.2864 64.0267,-19.2964 64.0517,-19.3043 64.0772,-19.3099 64.1032,-19.3134 64.1293,-19.3145 64.1554,-19.3134 64.1814,-19.3099 64.2069,-19.3043 64.2319,-19.2964 64.2561,-19.2864 64.2793,-19.2743 64.3014,-19.2602 64.3221,-19.2443 64.3414,-19.2266 64.3591,-19.2073 64.3750,-19.1866 64.3891,-19.1645 64.4012,-19.1413 64.4112,-19.1171 64.4191,-19.0921 64.4247,-19.0666 64.4282,-19.0406 64.4293,-19.0145;
  BEGIN_ASSOC
    ADD N5 :F1.000000 :R0 :T12345 'net=P2' 0.00, 0.00;
  END_ASSOC
ADD P5 :W0.000000  64.3722,-26.0145 64.3711,-25.9884 64.3676,-25.9624 64.3620,-25.9369 64.3541,-25.9119 64.3441,-25.8877 64.3320,-25.8645 64.3179,-25.8424 64.3020,-25.8217 64.2843,-25.8024 64.2650,-25.7847 64.2443,-25.7688 64.2222,-25.7547 64.1990,-25.7426 64.1748,-25.7326 64.1498,-25.7247 64.1243,-25.7191 64.0983,-25.7156 64.0722,-25.7145 64.0461,-25.7156 64.0201,-25.7191 63.9946,-25.7247 63.9696,-25.7326 63.9454,-25.7426 63.9222,-25.7547 63.9001,-25.7688 63.8794,-25.7847 63.8601,-25.8024 63.8424,-25.8217 63.8265,-25.8424 63.8124,-25.8645 63.8003,-25.8877 63.7903,-25.9119 63.7824,-25.9369 63.7768,-25.9624 63.7733,-25.9884 63.7722,-26.0145 63.7733,-26.0406 63.7768,-26.0666 63.7824,-26.0921 63.7903,-26.1171 63.8003,-26.1413 63.8124,-26.1645 63.8265,-26.1866 63.8424,-26.2073 63.8601,-26.2266 63.8794,-26.2443 63.9001,-26.2602 63.9222,-26.2743 63.9454,-26.2864 63.9696,-26.2964 63.9946,-26.3043 64.0201,-26.3099 64.0461,-26.3134 64.0722,-26.3145 64.0983,-26.3134 64.1243,-26.3099 64.1498,-26.3043 64.1748,-26.2964 64.1990,-26.2864 64.2222,-26.2743 64.2443,-26.2602 64.2650,-26.2443 64.2843,-26.2266 64.3020,-26.2073 64.3179,-26.1866 64.3320,-26.1645 64.3441,-26.1413 64.3541,-26.1171 64.3620,-26.0921 64.3676,-26.0666 64.3711,-26.0406 64.3722,-26.0145;
  BEGIN_ASSOC
    ADD N5 :F1.000000 :R0 :T12345 'net=P2' 0.00, 0.00;
  END_ASSOC
ADD P5 :W0.000000  64.3722,-33.0145 64.3711,-32.9884 64.3676,-32.9624 64.3620,-32.9369 64.3541,-32.9119 64.3441,-32.8877 64.3320,-32.8645 64.3179,-32.8424 64.3020,-32.8217 64.2843,-32.8024 64.2650,-32.7847 64.2443,-32.7688 64.2222,-32.7547 64.1990,-32.7426 64.1748,-32.7326 64.1498,-32.7247 64.1243,-32.7191 64.0983,-32.7156 64.0722,-32.7145 64.0461,-32.7156 64.0201,-32.7191 63.9946,-32.7247 63.9696,-32.7326 63.9454,-32.7426 63.9222,-32.7547 63.9001,-32.7688 63.8794,-32.7847 63.8601,-32.8024 63.8424,-32.8217 63.8265,-32.8424 63.8124,-32.8645 63.8003,-32.8877 63.7903,-32.9119 63.7824,-32.9369 63.7768,-32.9624 63.7733,-32.9884 63.7722,-33.0145 63.7733,-33.0406 63.7768,-33.0666 63.7824,-33.0921 63.7903,-33.1171 63.8003,-33.1413 63.8124,-33.1645 63.8265,-33.1866 63.8424,-33.2073 63.8601,-33.2266 63.8794,-33.2443 63.9001,-33.2602 63.9222,-33.2743 63.9454,-33.2864 63.9696,-33.2964 63.9946,-33.3043 64.0201,-33.3099 64.0461,-33.3134 64.0722,-33.3145 64.0983,-33.3134 64.1243,-33.3099 64.1498,-33.3043 64.1748,-33.2964 64.1990,-33.2864 64.2222,-33.2743 64.2443,-33.2602 64.2650,-33.2443 64.2843,-33.2266 64.3020,-33.2073 64.3179,-33.1866 64.3320,-33.1645 64.3441,-33.1413 64.3541,-33.1171 64.3620,-33.0921 64.3676,-33.0666 64.3711,-33.0406 64.3722,-33.0145;
  BEGIN_ASSOC
    ADD N5 :F1.000000 :R0 :T12345 'net=P2' 0.00, 0.00;
  END_ASSOC
ADD P5 :W0.000000  64.3722,-40.0145 64.3711,-39.9884 64.3676,-39.9624 64.3620,-39.9369 64.3541,-39.9119 64.3441,-39.8877 64.3320,-39.8645 64.3179,-39.8424 64.3020,-39.8217 64.2843,-39.8024 64.2650,-39.7847 64.2443,-39.7688 64.2222,-39.7547 64.1990,-39.7426 64.1748,-39.7326 64.1498,-39.7247 64.1243,-39.7191 64.0983,-39.7156 64.0722,-39.7145 64.0461,-39.7156 64.0201,-39.7191 63.9946,-39.7247 63.9696,-39.7326 63.9454,-39.7426 63.9222,-39.7547 63.9001,-39.7688 63.8794,-39.7847 63.8601,-39.8024 63.8424,-39.8217 63.8265,-39.8424 63.8124,-39.8645 63.8003,-39.8877 63.7903,-39.9119 63.7824,-39.9369 63.7768,-39.9624 63.7733,-39.9884 63.7722,-40.0145 63.7733,-40.0406 63.7768,-40.0666 63.7824,-40.0921 63.7903,-40.1171 63.8003,-40.1413 63.8124,-40.1645 63.8265,-40.1866 63.8424,-40.2073 63.8601,-40.2266 63.8794,-40.2443 63.9001,-40.2602 63.9222,-40.2743 63.9454,-40.2864 63.9696,-40.2964 63.9946,-40.3043 64.0201,-40.3099 64.0461,-40.3134 64.0722,-40.3145 64.0983,-40.3134 64.1243,-40.3099 64.1498,-40.3043 64.1748,-40.2964 64.1990,-40.2864 64.2222,-40.2743 64.2443,-40.2602 64.2650,-40.2443 64.2843,-40.2266 64.3020,-40.2073 64.3179,-40.1866 64.3320,-40.1645 64.3441,-40.1413 64.3541,-40.1171 64.3620,-40.0921 64.3676,-40.0666 64.3711,-40.0406 64.3722,-40.0145;
  BEGIN_ASSOC
    ADD N5 :F1.000000 :R0 :T12345 'net=P2' 0.00, 0.00;
  END_ASSOC
ADD P5 :W0.000000  64.3722,-61.0145 64.3711,-60.9884 64.3676,-60.9624 64.3620,-60.9369 64.3541,-60.9119 64.3441,-60.8877 64.3320,-60.8645 64.3179,-60.8424 64.3020,-60.8217 64.2843,-60.8024 64.2650,-60.7847 64.2443,-60.7688 64.2222,-60.7547 64.1990,-60.7426 64.1748,-60.7326 64.1498,-60.7247 64.1243,-60.7191 64.0983,-60.7156 64.0722,-60.7145 64.0461,-60.7156 64.0201,-60.7191 63.9946,-60.7247 63.9696,-60.7326 63.9454,-60.7426 63.9222,-60.7547 63.9001,-60.7688 63.8794,-60.7847 63.8601,-60.8024 63.8424,-60.8217 63.8265,-60.8424 63.8124,-60.8645 63.8003,-60.8877 63.7903,-60.9119 63.7824,-60.9369 63.7768,-60.9624 63.7733,-60.9884 63.7722,-61.0145 63.7733,-61.0406 63.7768,-61.0666 63.7824,-61.0921 63.7903,-61.1171 63.8003,-61.1413 63.8124,-61.1645 63.8265,-61.1866 63.8424,-61.2073 63.8601,-61.2266 63.8794,-61.2443 63.9001,-61.2602 63.9222,-61.2743 63.9454,-61.2864 63.9696,-61.2964 63.9946,-61.3043 64.0201,-61.3099 64.0461,-61.3134 64.0722,-61.3145 64.0983,-61.3134 64.1243,-61.3099 64.1498,-61.3043 64.1748,-61.2964 64.1990,-61.2864 64.2222,-61.2743 64.2443,-61.2602 64.2650,-61.2443 64.2843,-61.2266 64.3020,-61.2073 64.3179,-61.1866 64.3320,-61.1645 64.3441,-61.1413 64.3541,-61.1171 64.3620,-61.0921 64.3676,-61.0666 64.3711,-61.0406 64.3722,-61.0145;
  BEGIN_ASSOC
    ADD N5 :F1.000000 :R0 :T12345 'net=P2' 0.00, 0.00;
  END_ASSOC
ADD P5 :W0.000000  46.3000,-5.0000 46.2989,-4.9739 46.2954,-4.9479 46.2898,-4.9224 46.2819,-4.8974 46.2719,-4.8732 46.2598,-4.8500 46.2457,-4.8279 46.2298,-4.8072 46.2121,-4.7879 46.1928,-4.7702 46.1721,-4.7543 46.1500,-4.7402 46.1268,-4.7281 46.1026,-4.7181 46.0776,-4.7102 46.0521,-4.7046 46.0261,-4.7011 46.0000,-4.7000 45.9739,-4.7011 45.9479,-4.7046 45.9224,-4.7102 45.8974,-4.7181 45.8732,-4.7281 45.8500,-4.7402 45.8279,-4.7543 45.8072,-4.7702 45.7879,-4.7879 45.7702,-4.8072 45.7543,-4.8279 45.7402,-4.8500 45.7281,-4.8732 45.7181,-4.8974 45.7102,-4.9224 45.7046,-4.9479 45.7011,-4.9739 45.7000,-5.0000 45.7011,-5.0261 45.7046,-5.0521 45.7102,-5.0776 45.7181,-5.1026 45.7281,-5.1268 45.7402,-5.1500 45.7543,-5.1721 45.7702,-5.1928 45.7879,-5.2121 45.8072,-5.2298 45.8279,-5.2457 45.8500,-5.2598 45.8732,-5.2719 45.8974,-5.2819 45.9224,-5.2898 45.9479,-5.2954 45.9739,-5.2989 46.0000,-5.3000 46.0261,-5.2989 46.0521,-5.2954 46.0776,-5.2898 46.1026,-5.2819 46.1268,-5.2719 46.1500,-5.2598 46.1721,-5.2457 46.1928,-5.2298 46.2121,-5.2121 46.2298,-5.1928 46.2457,-5.1721 46.2598,-5.1500 46.2719,-5.1268 46.2819,-5.1026 46.2898,-5.0776 46.2954,-5.0521 46.2989,-5.0261 46.3000,-5.0000;
  BEGIN_ASSOC
    ADD N5 :F1.000000 :R0 :T12345 'net=P2' 0.00, 0.00;
  END_ASSOC
ADD P5 :W0.000000  64.3722,-47.0145 64.3711,-46.9884 64.3676,-46.9624 64.3620,-46.9369 64.3541,-46.9119 64.3441,-46.8877 64.3320,-46.8645 64.3179,-46.8424 64.3020,-46.8217 64.2843,-46.8024 64.2650,-46.7847 64.2443,-46.7688 64.2222,-46.7547 64.1990,-46.7426 64.1748,-46.7326 64.1498,-46.7247 64.1243,-46.7191 64.0983,-46.7156 64.0722,-46.7145 64.0461,-46.7156 64.0201,-46.7191 63.9946,-46.7247 63.9696,-46.7326 63.9454,-46.7426 63.9222,-46.7547 63.9001,-46.7688 63.8794,-46.7847 63.8601,-46.8024 63.8424,-46.8217 63.8265,-46.8424 63.8124,-46.8645 63.8003,-46.8877 63.7903,-46.9119 63.7824,-46.9369 63.7768,-46.9624 63.7733,-46.9884 63.7722,-47.0145 63.7733,-47.0406 63.7768,-47.0666 63.7824,-47.0921 63.7903,-47.1171 63.8003,-47.1413 63.8124,-47.1645 63.8265,-47.1866 63.8424,-47.2073 63.8601,-47.2266 63.8794,-47.2443 63.9001,-47.2602 63.9222,-47.2743 63.9454,-47.2864 63.9696,-47.2964 63.9946,-47.3043 64.0201,-47.3099 64.0461,-47.3134 64.0722,-47.3145 64.0983,-47.3134 64.1243,-47.3099 64.1498,-47.3043 64.1748,-47.2964 64.1990,-47.2864 64.2222,-47.2743 64.2443,-47.2602 64.2650,-47.2443 64.2843,-47.2266 64.3020,-47.2073 64.3179,-47.1866 64.3320,-47.1645 64.3441,-47.1413 64.3541,-47.1171 64.3620,-47.0921 64.3676,-47.0666 64.3711,-47.0406 64.3722,-47.0145;
  BEGIN_ASSOC
    ADD N5 :F1.000000 :R0 :T12345 'net=P2' 0.00, 0.00;
  END_ASSOC
ADD P5 :W0.000000  60.3000,-5.0000 60.2989,-4.9739 60.2954,-4.9479 60.2898,-4.9224 60.2819,-4.8974 60.2719,-4.8732 60.2598,-4.8500 60.2457,-4.8279 60.2298,-4.8072 60.2121,-4.7879 60.1928,-4.7702 60.1721,-4.7543 60.1500,-4.7402 60.1268,-4.7281 60.1026,-4.7181 60.0776,-4.7102 60.0521,-4.7046 60.0261,-4.7011 60.0000,-4.7000 59.9739,-4.7011 59.9479,-4.7046 59.9224,-4.7102 59.8974,-4.7181 59.8732,-4.7281 59.8500,-4.7402 59.8279,-4.7543 59.8072,-4.7702 59.7879,-4.7879 59.7702,-4.8072 59.7543,-4.8279 59.7402,-4.8500 59.7281,-4.8732 59.7181,-4.8974 59.7102,-4.9224 59.7046,-4.9479 59.7011,-4.9739 59.7000,-5.0000 59.7011,-5.0261 59.7046,-5.0521 59.7102,-5.0776 59.7181,-5.1026 59.7281,-5.1268 59.7402,-5.1500 59.7543,-5.1721 59.7702,-5.1928 59.7879,-5.2121 59.8072,-5.2298 59.8279,-5.2457 59.8500,-5.2598 59.8732,-5.2719 59.8974,-5.2819 59.9224,-5.2898 59.9479,-5.2954 59.9739,-5.2989 60.0000,-5.3000 60.0261,-5.2989 60.0521,-5.2954 60.0776,-5.2898 60.1026,-5.2819 60.1268,-5.2719 60.1500,-5.2598 60.1721,-5.2457 60.1928,-5.2298 60.2121,-5.2121 60.2298,-5.1928 60.2457,-5.1721 60.2598,-5.1500 60.2719,-5.1268 60.2819,-5.1026 60.2898,-5.0776 60.2954,-5.0521 60.2989,-5.0261 60.3000,-5.0000;
  BEGIN_ASSOC
    ADD N5 :F1.000000 :R0 :T12345 'net=P2' 0.00, 0.00;
  END_ASSOC
ADD P5 :W0.000000  39.3000,-5.0000 39.2989,-4.9739 39.2954,-4.9479 39.2898,-4.9224 39.2819,-4.8974 39.2719,-4.8732 39.2598,-4.8500 39.2457,-4.8279 39.2298,-4.8072 39.2121,-4.7879 39.1928,-4.7702 39.1721,-4.7543 39.1500,-4.7402 39.1268,-4.7281 39.1026,-4.7181 39.0776,-4.7102 39.0521,-4.7046 39.0261,-4.7011 39.0000,-4.7000 38.9739,-4.7011 38.9479,-4.7046 38.9224,-4.7102 38.8974,-4.7181 38.8732,-4.7281 38.8500,-4.7402 38.8279,-4.7543 38.8072,-4.7702 38.7879,-4.7879 38.7702,-4.8072 38.7543,-4.8279 38.7402,-4.8500 38.7281,-4.8732 38.7181,-4.8974 38.7102,-4.9224 38.7046,-4.9479 38.7011,-4.9739 38.7000,-5.0000 38.7011,-5.0261 38.7046,-5.0521 38.7102,-5.0776 38.7181,-5.1026 38.7281,-5.1268 38.7402,-5.1500 38.7543,-5.1721 38.7702,-5.1928 38.7879,-5.2121 38.8072,-5.2298 38.8279,-5.2457 38.8500,-5.2598 38.8732,-5.2719 38.8974,-5.2819 38.9224,-5.2898 38.9479,-5.2954 38.9739,-5.2989 39.0000,-5.3000 39.0261,-5.2989 39.0521,-5.2954 39.0776,-5.2898 39.1026,-5.2819 39.1268,-5.2719 39.1500,-5.2598 39.1721,-5.2457 39.1928,-5.2298 39.2121,-5.2121 39.2298,-5.1928 39.2457,-5.1721 39.2598,-5.1500 39.2719,-5.1268 39.2819,-5.1026 39.2898,-5.0776 39.2954,-5.0521 39.2989,-5.0261 39.3000,-5.0000;
  BEGIN_ASSOC
    ADD N5 :F1.000000 :R0 :T12345 'net=P2' 0.00, 0.00;
  END_ASSOC
ADD P5 :W0.000000  64.4503,-54.0145 64.4492,-53.9884 64.4457,-53.9624 64.4401,-53.9369 64.4322,-53.9119 64.4222,-53.8877 64.4101,-53.8645 64.3960,-53.8424 64.3801,-53.8217 64.3624,-53.8024 64.3431,-53.7847 64.3224,-53.7688 64.3003,-53.7547 64.2771,-53.7426 64.2529,-53.7326 64.2279,-53.7247 64.2024,-53.7191 64.1764,-53.7156 64.1503,-53.7145 64.1242,-53.7156 64.0982,-53.7191 64.0727,-53.7247 64.0477,-53.7326 64.0235,-53.7426 64.0003,-53.7547 63.9782,-53.7688 63.9575,-53.7847 63.9382,-53.8024 63.9205,-53.8217 63.9046,-53.8424 63.8905,-53.8645 63.8784,-53.8877 63.8684,-53.9119 63.8605,-53.9369 63.8549,-53.9624 63.8514,-53.9884 63.8503,-54.0145 63.8514,-54.0406 63.8549,-54.0666 63.8605,-54.0921 63.8684,-54.1171 63.8784,-54.1413 63.8905,-54.1645 63.9046,-54.1866 63.9205,-54.2073 63.9382,-54.2266 63.9575,-54.2443 63.9782,-54.2602 64.0003,-54.2743 64.0235,-54.2864 64.0477,-54.2964 64.0727,-54.3043 64.0982,-54.3099 64.1242,-54.3134 64.1503,-54.3145 64.1764,-54.3134 64.2024,-54.3099 64.2279,-54.3043 64.2529,-54.2964 64.2771,-54.2864 64.3003,-54.2743 64.3224,-54.2602 64.3431,-54.2443 64.3624,-54.2266 64.3801,-54.2073 64.3960,-54.1866 64.4101,-54.1645 64.4222,-54.1413 64.4322,-54.1171 64.4401,-54.0921 64.4457,-54.0666 64.4492,-54.0406 64.4503,-54.0145;
  BEGIN_ASSOC
    ADD N5 :F1.000000 :R0 :T12345 'net=P2' 0.00, 0.00;
  END_ASSOC
ADD P5 :W0.000000  32.3000,-5.0000 32.2989,-4.9739 32.2954,-4.9479 32.2898,-4.9224 32.2819,-4.8974 32.2719,-4.8732 32.2598,-4.8500 32.2457,-4.8279 32.2298,-4.8072 32.2121,-4.7879 32.1928,-4.7702 32.1721,-4.7543 32.1500,-4.7402 32.1268,-4.7281 32.1026,-4.7181 32.0776,-4.7102 32.0521,-4.7046 32.0261,-4.7011 32.0000,-4.7000 31.9739,-4.7011 31.9479,-4.7046 31.9224,-4.7102 31.8974,-4.7181 31.8732,-4.7281 31.8500,-4.7402 31.8279,-4.7543 31.8072,-4.7702 31.7879,-4.7879 31.7702,-4.8072 31.7543,-4.8279 31.7402,-4.8500 31.7281,-4.8732 31.7181,-4.8974 31.7102,-4.9224 31.7046,-4.9479 31.7011,-4.9739 31.7000,-5.0000 31.7011,-5.0261 31.7046,-5.0521 31.7102,-5.0776 31.7181,-5.1026 31.7281,-5.1268 31.7402,-5.1500 31.7543,-5.1721 31.7702,-5.1928 31.7879,-5.2121 31.8072,-5.2298 31.8279,-5.2457 31.8500,-5.2598 31.8732,-5.2719 31.8974,-5.2819 31.9224,-5.2898 31.9479,-5.2954 31.9739,-5.2989 32.0000,-5.3000 32.0261,-5.2989 32.0521,-5.2954 32.0776,-5.2898 32.1026,-5.2819 32.1268,-5.2719 32.1500,-5.2598 32.1721,-5.2457 32.1928,-5.2298 32.2121,-5.2121 32.2298,-5.1928 32.2457,-5.1721 32.2598,-5.1500 32.2719,-5.1268 32.2819,-5.1026 32.2898,-5.0776 32.2954,-5.0521 32.2989,-5.0261 32.3000,-5.0000;
  BEGIN_ASSOC
    ADD N5 :F1.000000 :R0 :T12345 'net=P2' 0.00, 0.00;
  END_ASSOC
ADD P5 :W0.000000  25.3000,-5.0000 25.2989,-4.9739 25.2954,-4.9479 25.2898,-4.9224 25.2819,-4.8974 25.2719,-4.8732 25.2598,-4.8500 25.2457,-4.8279 25.2298,-4.8072 25.2121,-4.7879 25.1928,-4.7702 25.1721,-4.7543 25.1500,-4.7402 25.1268,-4.7281 25.1026,-4.7181 25.0776,-4.7102 25.0521,-4.7046 25.0261,-4.7011 25.0000,-4.7000 24.9739,-4.7011 24.9479,-4.7046 24.9224,-4.7102 24.8974,-4.7181 24.8732,-4.7281 24.8500,-4.7402 24.8279,-4.7543 24.8072,-4.7702 24.7879,-4.7879 24.7702,-4.8072 24.7543,-4.8279 24.7402,-4.8500 24.7281,-4.8732 24.7181,-4.8974 24.7102,-4.9224 24.7046,-4.9479 24.7011,-4.9739 24.7000,-5.0000 24.7011,-5.0261 24.7046,-5.0521 24.7102,-5.0776 24.7181,-5.1026 24.7281,-5.1268 24.7402,-5.1500 24.7543,-5.1721 24.7702,-5.1928 24.7879,-5.2121 24.8072,-5.2298 24.8279,-5.2457 24.8500,-5.2598 24.8732,-5.2719 24.8974,-5.2819 24.9224,-5.2898 24.9479,-5.2954 24.9739,-5.2989 25.0000,-5.3000 25.0261,-5.2989 25.0521,-5.2954 25.0776,-5.2898 25.1026,-5.2819 25.1268,-5.2719 25.1500,-5.2598 25.1721,-5.2457 25.1928,-5.2298 25.2121,-5.2121 25.2298,-5.1928 25.2457,-5.1721 25.2598,-5.1500 25.2719,-5.1268 25.2819,-5.1026 25.2898,-5.0776 25.2954,-5.0521 25.2989,-5.0261 25.3000,-5.0000;
  BEGIN_ASSOC
    ADD N5 :F1.000000 :R0 :T12345 'net=P2' 0.00, 0.00;
  END_ASSOC
ADD P5 :W0.000000  18.3000,-4.9429 18.2989,-4.9168 18.2954,-4.8908 18.2898,-4.8653 18.2819,-4.8403 18.2719,-4.8161 18.2598,-4.7929 18.2457,-4.7708 18.2298,-4.7501 18.2121,-4.7308 18.1928,-4.7131 18.1721,-4.6972 18.1500,-4.6831 18.1268,-4.6710 18.1026,-4.6610 18.0776,-4.6531 18.0521,-4.6475 18.0261,-4.6440 18.0000,-4.6429 17.9739,-4.6440 17.9479,-4.6475 17.9224,-4.6531 17.8974,-4.6610 17.8732,-4.6710 17.8500,-4.6831 17.8279,-4.6972 17.8072,-4.7131 17.7879,-4.7308 17.7702,-4.7501 17.7543,-4.7708 17.7402,-4.7929 17.7281,-4.8161 17.7181,-4.8403 17.7102,-4.8653 17.7046,-4.8908 17.7011,-4.9168 17.7000,-4.9429 17.7011,-4.9690 17.7046,-4.9950 17.7102,-5.0205 17.7181,-5.0455 17.7281,-5.0697 17.7402,-5.0929 17.7543,-5.1150 17.7702,-5.1357 17.7879,-5.1550 17.8072,-5.1727 17.8279,-5.1886 17.8500,-5.2027 17.8732,-5.2148 17.8974,-5.2248 17.9224,-5.2327 17.9479,-5.2383 17.9739,-5.2418 18.0000,-5.2429 18.0261,-5.2418 18.0521,-5.2383 18.0776,-5.2327 18.1026,-5.2248 18.1268,-5.2148 18.1500,-5.2027 18.1721,-5.1886 18.1928,-5.1727 18.2121,-5.1550 18.2298,-5.1357 18.2457,-5.1150 18.2598,-5.0929 18.2719,-5.0697 18.2819,-5.0455 18.2898,-5.0205 18.2954,-4.9950 18.2989,-4.9690 18.3000,-4.9429;
  BEGIN_ASSOC
    ADD N5 :F1.000000 :R0 :T12345 'net=P2' 0.00, 0.00;
  END_ASSOC
ADD P5 :W0.000000  53.3000,-4.9219 53.2989,-4.8958 53.2954,-4.8698 53.2898,-4.8443 53.2819,-4.8193 53.2719,-4.7951 53.2598,-4.7719 53.2457,-4.7498 53.2298,-4.7291 53.2121,-4.7098 53.1928,-4.6921 53.1721,-4.6762 53.1500,-4.6621 53.1268,-4.6500 53.1026,-4.6400 53.0776,-4.6321 53.0521,-4.6265 53.0261,-4.6230 53.0000,-4.6219 52.9739,-4.6230 52.9479,-4.6265 52.9224,-4.6321 52.8974,-4.6400 52.8732,-4.6500 52.8500,-4.6621 52.8279,-4.6762 52.8072,-4.6921 52.7879,-4.7098 52.7702,-4.7291 52.7543,-4.7498 52.7402,-4.7719 52.7281,-4.7951 52.7181,-4.8193 52.7102,-4.8443 52.7046,-4.8698 52.7011,-4.8958 52.7000,-4.9219 52.7011,-4.9480 52.7046,-4.9740 52.7102,-4.9995 52.7181,-5.0245 52.7281,-5.0487 52.7402,-5.0719 52.7543,-5.0940 52.7702,-5.1147 52.7879,-5.1340 52.8072,-5.1517 52.8279,-5.1676 52.8500,-5.1817 52.8732,-5.1938 52.8974,-5.2038 52.9224,-5.2117 52.9479,-5.2173 52.9739,-5.2208 53.0000,-5.2219 53.0261,-5.2208 53.0521,-5.2173 53.0776,-5.2117 53.1026,-5.2038 53.1268,-5.1938 53.1500,-5.1817 53.1721,-5.1676 53.1928,-5.1517 53.2121,-5.1340 53.2298,-5.1147 53.2457,-5.0940 53.2598,-5.0719 53.2719,-5.0487 53.2819,-5.0245 53.2898,-4.9995 53.2954,-4.9740 53.2989,-4.9480 53.3000,-4.9219;
  BEGIN_ASSOC
    ADD N5 :F1.000000 :R0 :T12345 'net=P2' 0.00, 0.00;
  END_ASSOC
ADD P5 :W0.000000  11.3000,-5.0000 11.2989,-4.9739 11.2954,-4.9479 11.2898,-4.9224 11.2819,-4.8974 11.2719,-4.8732 11.2598,-4.8500 11.2457,-4.8279 11.2298,-4.8072 11.2121,-4.7879 11.1928,-4.7702 11.1721,-4.7543 11.1500,-4.7402 11.1268,-4.7281 11.1026,-4.7181 11.0776,-4.7102 11.0521,-4.7046 11.0261,-4.7011 11.0000,-4.7000 10.9739,-4.7011 10.9479,-4.7046 10.9224,-4.7102 10.8974,-4.7181 10.8732,-4.7281 10.8500,-4.7402 10.8279,-4.7543 10.8072,-4.7702 10.7879,-4.7879 10.7702,-4.8072 10.7543,-4.8279 10.7402,-4.8500 10.7281,-4.8732 10.7181,-4.8974 10.7102,-4.9224 10.7046,-4.9479 10.7011,-4.9739 10.7000,-5.0000 10.7011,-5.0261 10.7046,-5.0521 10.7102,-5.0776 10.7181,-5.1026 10.7281,-5.1268 10.7402,-5.1500 10.7543,-5.1721 10.7702,-5.1928 10.7879,-5.2121 10.8072,-5.2298 10.8279,-5.2457 10.8500,-5.2598 10.8732,-5.2719 10.8974,-5.2819 10.9224,-5.2898 10.9479,-5.2954 10.9739,-5.2989 11.0000,-5.3000 11.0261,-5.2989 11.0521,-5.2954 11.0776,-5.2898 11.1026,-5.2819 11.1268,-5.2719 11.1500,-5.2598 11.1721,-5.2457 11.1928,-5.2298 11.2121,-5.2121 11.2298,-5.1928 11.2457,-5.1721 11.2598,-5.1500 11.2719,-5.1268 11.2819,-5.1026 11.2898,-5.0776 11.2954,-5.0521 11.2989,-5.0261 11.3000,-5.0000;
  BEGIN_ASSOC
    ADD N5 :F1.000000 :R0 :T12345 'net=P2' 0.00, 0.00;
  END_ASSOC
ADD P5 :W0.000000  4.3000,-5.0000 4.2989,-4.9739 4.2954,-4.9479 4.2898,-4.9224 4.2819,-4.8974 4.2719,-4.8732 4.2598,-4.8500 4.2457,-4.8279 4.2298,-4.8072 4.2121,-4.7879 4.1928,-4.7702 4.1721,-4.7543 4.1500,-4.7402 4.1268,-4.7281 4.1026,-4.7181 4.0776,-4.7102 4.0521,-4.7046 4.0261,-4.7011 4.0000,-4.7000 3.9739,-4.7011 3.9479,-4.7046 3.9224,-4.7102 3.8974,-4.7181 3.8732,-4.7281 3.8500,-4.7402 3.8279,-4.7543 3.8072,-4.7702 3.7879,-4.7879 3.7702,-4.8072 3.7543,-4.8279 3.7402,-4.8500 3.7281,-4.8732 3.7181,-4.8974 3.7102,-4.9224 3.7046,-4.9479 3.7011,-4.9739 3.7000,-5.0000 3.7011,-5.0261 3.7046,-5.0521 3.7102,-5.0776 3.7181,-5.1026 3.7281,-5.1268 3.7402,-5.1500 3.7543,-5.1721 3.7702,-5.1928 3.7879,-5.2121 3.8072,-5.2298 3.8279,-5.2457 3.8500,-5.2598 3.8732,-5.2719 3.8974,-5.2819 3.9224,-5.2898 3.9479,-5.2954 3.9739,-5.2989 4.0000,-5.3000 4.0261,-5.2989 4.0521,-5.2954 4.0776,-5.2898 4.1026,-5.2819 4.1268,-5.2719 4.1500,-5.2598 4.1721,-5.2457 4.1928,-5.2298 4.2121,-5.2121 4.2298,-5.1928 4.2457,-5.1721 4.2598,-5.1500 4.2719,-5.1268 4.2819,-5.1026 4.2898,-5.0776 4.2954,-5.0521 4.2989,-5.0261 4.3000,-5.0000;
  BEGIN_ASSOC
    ADD N5 :F1.000000 :R0 :T12345 'net=P2' 0.00, 0.00;
  END_ASSOC
ADD P5 :W0.000000  -0.7000,-5.0000 -0.7011,-4.9739 -0.7046,-4.9479 -0.7102,-4.9224 -0.7181,-4.8974 -0.7281,-4.8732 -0.7402,-4.8500 -0.7543,-4.8279 -0.7702,-4.8072 -0.7879,-4.7879 -0.8072,-4.7702 -0.8279,-4.7543 -0.8500,-4.7402 -0.8732,-4.7281 -0.8974,-4.7181 -0.9224,-4.7102 -0.9479,-4.7046 -0.9739,-4.7011 -1.0000,-4.7000 -1.0261,-4.7011 -1.0521,-4.7046 -1.0776,-4.7102 -1.1026,-4.7181 -1.1268,-4.7281 -1.1500,-4.7402 -1.1721,-4.7543 -1.1928,-4.7702 -1.2121,-4.7879 -1.2298,-4.8072 -1.2457,-4.8279 -1.2598,-4.8500 -1.2719,-4.8732 -1.2819,-4.8974 -1.2898,-4.9224 -1.2954,-4.9479 -1.2989,-4.9739 -1.3000,-5.0000 -1.2989,-5.0261 -1.2954,-5.0521 -1.2898,-5.0776 -1.2819,-5.1026 -1.2719,-5.1268 -1.2598,-5.1500 -1.2457,-5.1721 -1.2298,-5.1928 -1.2121,-5.2121 -1.1928,-5.2298 -1.1721,-5.2457 -1.1500,-5.2598 -1.1268,-5.2719 -1.1026,-5.2819 -1.0776,-5.2898 -1.0521,-5.2954 -1.0261,-5.2989 -1.0000,-5.3000 -0.9739,-5.2989 -0.9479,-5.2954 -0.9224,-5.2898 -0.8974,-5.2819 -0.8732,-5.2719 -0.8500,-5.2598 -0.8279,-5.2457 -0.8072,-5.2298 -0.7879,-5.2121 -0.7702,-5.1928 -0.7543,-5.1721 -0.7402,-5.1500 -0.7281,-5.1268 -0.7181,-5.1026 -0.7102,-5.0776 -0.7046,-5.0521 -0.7011,-5.0261 -0.7000,-5.0000;
  BEGIN_ASSOC
    ADD N5 :F1.000000 :R0 :T12345 'net=P2' 0.00, 0.00;
  END_ASSOC
ADD P5 :W0.000000  -3.7000,-5.0000 -3.7011,-4.9739 -3.7046,-4.9479 -3.7102,-4.9224 -3.7181,-4.8974 -3.7281,-4.8732 -3.7402,-4.8500 -3.7543,-4.8279 -3.7702,-4.8072 -3.7879,-4.7879 -3.8072,-4.7702 -3.8279,-4.7543 -3.8500,-4.7402 -3.8732,-4.7281 -3.8974,-4.7181 -3.9224,-4.7102 -3.9479,-4.7046 -3.9739,-4.7011 -4.0000,-4.7000 -4.0261,-4.7011 -4.0521,-4.7046 -4.0776,-4.7102 -4.1026,-4.7181 -4.1268,-4.7281 -4.1500,-4.7402 -4.1721,-4.7543 -4.1928,-4.7702 -4.2121,-4.7879 -4.2298,-4.8072 -4.2457,-4.8279 -4.2598,-4.8500 -4.2719,-4.8732 -4.2819,-4.8974 -4.2898,-4.9224 -4.2954,-4.9479 -4.2989,-4.9739 -4.3000,-5.0000 -4.2989,-5.0261 -4.2954,-5.0521 -4.2898,-5.0776 -4.2819,-5.1026 -4.2719,-5.1268 -4.2598,-5.1500 -4.2457,-5.1721 -4.2298,-5.1928 -4.2121,-5.2121 -4.1928,-5.2298 -4.1721,-5.2457 -4.1500,-5.2598 -4.1268,-5.2719 -4.1026,-5.2819 -4.0776,-5.2898 -4.0521,-5.2954 -4.0261,-5.2989 -4.0000,-5.3000 -3.9739,-5.2989 -3.9479,-5.2954 -3.9224,-5.2898 -3.8974,-5.2819 -3.8732,-5.2719 -3.8500,-5.2598 -3.8279,-5.2457 -3.8072,-5.2298 -3.7879,-5.2121 -3.7702,-5.1928 -3.7543,-5.1721 -3.7402,-5.1500 -3.7281,-5.1268 -3.7181,-5.1026 -3.7102,-5.0776 -3.7046,-5.0521 -3.7011,-5.0261 -3.7000,-5.0000;
  BEGIN_ASSOC
    ADD N5 :F1.000000 :R0 :T12345 'net=P2' 0.00, 0.00;
  END_ASSOC
ADD P1 :W0.000000  -5.0000,-74.0000 65.0000,-74.0000 65.0000,-4.0000 -5.0000,-4.0000;
  BEGIN_ASSOC
    ADD N1 :F1.000000 :R0 :T12345 'net=P2' 0.00, 0.00;
  END_ASSOC
SAVE;
